87.jpg 87,55,791,248,0
53.jpg 1711,18,2186,188,0
2.jpg 1186,18,1580,179,0
49.jpg 479,51,1190,197,0
64.jpg 233,164,529,254,0
28.jpg 19,66,474,218,0
86.jpg 77,67,768,250,0
37.jpg 25,243,705,429,0
83.jpg 950,99,1325,229,0
81.jpg 959,101,1334,231,0
60.jpg 111,350,490,471,0
91.jpg 96,64,803,225,0
84.jpg 963,108,1320,229,0
54.jpg 1705,-2,2193,180,0
20.jpg 543,61,1374,137,0
8.jpg 167,200,738,579,0
32.jpg 120,192,587,359,0
3.jpg 1165,27,1565,164,0
36.jpg 261,67,784,314,0
25.jpg 10,105,557,445,0
5.jpg 158,197,696,523,0
10.jpg 179,209,735,556,0
12.jpg 81,120,864,254,0
51.jpg 1193,18,1669,219,0
71.jpg 149,105,585,248,0
7.jpg 149,200,729,564,0
62.jpg 30,155,681,391,0
39.jpg 25,237,700,426,0
35.jpg 325,41,878,302,0
42.jpg 19,25,512,180,0
4.jpg 158,194,666,532,0
63.jpg 54,51,675,269,0
0.jpg 223,29,1476,226,0
78.jpg 353,25,732,165,0
41.jpg 101,120,585,332,0
29.jpg 0,67,485,213,0
45.jpg 1145,35,1615,248,0
79.jpg 340,16,731,178,0
85.jpg 83,6,760,236,0
55.jpg 441,22,1209,200,0
70.jpg 923,57,1527,227,0
14.jpg 19,80,541,290,0
58.jpg 1177,334,1540,487,0
90.jpg 106,61,774,238,0
44.jpg 1219,18,1670,215,0
77.jpg 1180,197,1606,391,0
43.jpg 448,18,1288,230,0
73.jpg 296,13,735,159,0
6.jpg 158,206,621,505,0
61.jpg 42,164,649,376,0
31.jpg 132,164,545,353,0
13.jpg 75,105,840,257,0
69.jpg 932,57,1509,242,0
9.jpg 167,200,753,550,0
30.jpg 35,66,496,202,0
74.jpg 67,29,487,185,0
56.jpg 130,51,823,204,0
34.jpg 120,199,594,382,0
11.jpg 161,209,693,538,0
27.jpg 25,63,512,212,0
